-0.532372 -0.16144 -386
-3.54807 -2.1968 -121
-0.541331 -0.102225 -424
-0.509027 -0.080372 -411
-0.427298 -1.87308 -198
-0.566639 -0.169055 -406
-1.13437 -1.51946 -197
-3.20253 -1.95241 -123
-1.00802 -1.53518 -198
1.7873 0.895509 212
-0.956878 -0.994506 -233
-2.66131 -0.588094 -122
-0.628438 -0.432302 -1005
12.5201 1.07821 56
12.8454 1.68386 53
-1.25179 -1.54799 -196
7.92 1.6569 86
-4.1659 -2.23246 -119
0.997801 0.935053 289
-1.14018 -0.262098 -253
-3.10236 -1.60047 -140
-5.45524 -0.453344 -102
12.1217 1.48646 58
-2.05337 -4.24132 -110
-3.76021 -1.9736 -126
9.35799 0.255563 73
1.23069 0.916138 267
-2.42095 -1.68651 -250
-0.451052 -0.102019 -420
-0.603457 -1.23898 -226
-4.18632 -0.65493 -136
-1.12049 -0.363997 -252
-3.45969 -1.73908 -113
-1.1898 -0.557465 -240
-0.535044 -0.160507 -386
-3.05756 -1.88976 -121
-0.536926 -0.10216 -424
-0.511917 -0.0817115 -411
-0.380008 -1.99034 -198
-0.564582 -0.16753 -406
-1.13781 -1.51874 -197
-3.2071 -1.92626 -123
-1.01069 -1.53411 -198
1.12628 0.849969 212
-1.07027 -0.849626 -233
-2.67379 0.113777 -122
-0.717714 -0.257502 -1005
12.6885 1.1828 56
12.9743 1.83857 53
-0.901577 -1.35993 -196
8.37245 1.68908 86
-4.15429 -2.2325 -119
0.874249 0.911249 289
-1.14323 0.0439608 -253
-2.34756 -1.24754 -140
-6.7802 -0.019444 -102
12.3865 1.54957 58
-1.46661 -5.09919 -110
-3.76103 -1.96299 -126
9.73467 0.377059 73
1.07163 0.658262 267
-2.72027 -0.879491 -250
-0.471033 -0.100992 -420
-0.366264 -1.03338 -226
-5.06808 0.012018 -136
-0.938575 -0.36006 -252
-3.46903 -1.77514 -113
-1.19056 -0.627712 -240
-0.526719 -0.165046 -386
-3.54865 -2.19673 -121
-0.556038 -0.102461 -424
-0.507557 -0.0782989 -411
-2.9265 -0.279188 -198
-0.569267 -0.171962 -406
-1.64603 -0.984831 -197
-3.20044 -1.94714 -123
-1.01161 -1.5339 -198
1.49229 2.34536 212
-0.927989 -1.39569 -233
-2.62742 -1.85222 -122
-0.598002 -0.0843077 -1005
10.3096 1.09354 56
10.684 3.42341 53
-1.42715 -2.08681 -196
7.70896 1.87187 86
-4.17173 -2.23381 -119
0.94692 2.02294 289
-1.0602 -1.65836 -253
-4.82587 -2.86482 -140
-5.45351 -0.448738 -102
10.3571 3.72339 58
-4.48332 -4.98386 -110
-4.79145 -2.65312 -126
8.78829 4.09234 73
1.0292 1.49516 267
-2.32606 -1.19854 -250
-0.439302 -0.10215 -420
-0.420221 -2.59075 -226
-5.02038 -0.12848 -136
-1.3499 -0.800683 -252
-3.35729 -1.34183 -113
-1.41764 -0.717134 -240
-0.524472 -0.166131 -386
-3.54811 -2.19679 -121
-0.555968 -0.102328 -424
-0.505045 -0.0771709 -411
-4.26107 -0.325461 -198
-0.570831 -0.17314 -406
-1.65083 -0.717382 -197
-3.20042 -1.94744 -123
-1.01251 -1.53425 -198
1.49218 2.34034 212
-0.923017 -1.39291 -233
-2.65955 -0.930313 -122
-0.597868 -0.0826256 -1005
10.451 2.12228 56
10.686 3.43433 53
-1.43544 -2.10002 -196
7.73186 1.75256 86
-4.17145 -2.23327 -119
0.94692 2.02294 289
-1.06158 -1.65873 -253
-2.76208 -2.86587 -140
-5.44718 -0.451155 -102
10.3592 3.74116 58
-4.48189 -4.97722 -110
-4.79519 -2.63834 -126
8.10876 5.63576 73
1.03518 1.49308 267
-2.3265 -1.20586 -250
-0.429275 -0.102283 -420
-0.420221 -2.59075 -226
-5.00583 -0.196217 -136
-1.36029 -0.678167 -252
-3.35617 -1.32889 -113
-1.41946 -0.707132 -240
-0.522476 -0.165094 -386
-3.54858 -2.19656 -121
-0.556158 -0.102405 -424
-0.50484 -0.0770524 -411
-4.09515 -0.166579 -198
-0.570946 -0.172908 -406
-1.65111 -0.212589 -197
-3.20061 -1.94784 -123
-1.01263 -1.5339 -198
1.49221 2.34553 212
-0.915022 -1.39374 -233
-2.62262 -1.87746 -122
-0.595866 -0.0704797 -1005
10.3109 1.0926 56
10.6835 3.41325 53
-1.4409 -2.1191 -196
7.75794 1.33985 86
-4.17247 -2.23348 -119
0.94692 2.02294 289
-1.06395 -1.66076 -253
-4.7343 -2.79711 -140
-5.44835 -0.448024 -102
10.3597 3.7642 58
-4.53692 -5.00292 -110
-4.78943 -2.63396 -126
8.90479 3.03409 73
1.03923 1.49133 267
-2.32705 -1.20748 -250
-0.422687 -0.102099 -420
-0.420221 -2.59075 -226
-5.02314 -0.422273 -136
-1.34827 -0.74095 -252
-3.35558 -1.52641 -113
-1.41991 -0.707309 -240
-0.518154 -0.168359 -386
-4.17783 -2.37885 -121
-0.561375 -0.102694 -424
-0.500697 -0.0754289 -411
0.19333 0.241115 -198
-0.574522 -0.177593 -406
-1.63078 0.144908 -197
-3.199 -1.96479 -123
-1.01028 -1.53472 -198
1.5011 2.50811 212
-0.913911 -1.44335 -233
-3.02932 0.377878 -122
-0.64788 0.00465143 -1005
10.5206 0.967186 56
10.4019 1.7278 53
-1.46825 -2.13039 -196
6.45717 1.19892 86
-4.18436 -2.23436 -119
0.94692 2.02294 289
-1.06795 -1.67267 -253
-3.97035 -1.69929 -140
-5.35665 -0.502158 -102
10.0561 1.50401 58
-4.48679 -4.97201 -110
-4.70889 -2.21865 -126
7.7034 2.97834 73
1.06216 1.48323 267
-2.41817 -2.10668 -250
-0.390802 -0.10341 -420
-0.420221 -2.59075 -226
-4.20749 -0.907413 -136
-1.35661 -1.01896 -252
-3.38842 -2.48995 -113
-1.42669 -0.895881 -240
-0.526621 -0.158629 -386
-3.55084 -2.19539 -121
-0.547035 -0.101865 -424
-0.505928 -0.07895 -411
0.556417 0.283633 -198
-0.564577 -0.166564 -406
-1.66667 -0.241302 -197
-3.20132 -1.93082 -123
-0.966501 -1.53825 -198
1.51385 0.575208 212
-0.858657 -1.32594 -233
-2.66813 -0.608113 -122
-0.716609 -0.0694161 -1005
12.6817 1.18684 56
12.9996 1.87369 53
-1.27182 -2.16178 -196
8.51654 2.59722 86
-4.15937 -2.23202 -119
0.94692 2.02294 289
-0.986666 -1.64475 -253
-2.75268 -2.16509 -140
-6.73277 -0.41393 -102
12.3891 1.6032 58
-4.23758 -5.14639 -110
-5.71865 -0.278532 -126
9.1124 3.0984 73
0.849193 1.60156 267
-2.66349 -1.12155 -250
-0.475019 -0.0996202 -420
-0.420221 -2.59075 -226
-5.17717 -0.270127 -136
-1.5071 0.384298 -252
-3.13335 0.871258 -113
-1.58007 0.381085 -240
-0.352001 0.275551 -386
-5.75894 -2.22544 -121
-0.571778 -0.102667 -424
-0.386702 0.218081 -411
0.556417 0.283633 -198
-0.626892 -0.203026 -406
-1.37572 -2.72328 -197
-3.04676 -2.64498 -123
-1.02637 -1.53826 -198
1.50508 2.5481 212
-1.70181 -1.37117 -233
-2.63086 -1.74192 -122
-0.616478 -0.0620878 -1005
10.3754 0.589386 56
10.6583 3.48919 53
-1.45437 -2.15545 -196
5.57415 1.34042 86
-4.17327 -2.2336 -119
0.94692 2.02294 289
-1.06803 -1.6626 -253
-4.38889 -1.52222 -140
-5.32423 -0.424336 -102
10.7414 5.4352 58
-4.23758 -5.14639 -110
-5.12832 -3.35233 -126
7.82949 3.82744 73
1.03542 1.48757 267
-2.26665 -0.987518 -250
-0.374542 0.239388 -420
-0.420221 -2.59075 -226
-4.7799 -1.96545 -136
-1.5071 0.384298 -252
-2.89803 -2.07967 -113
-1.58007 0.381085 -240
-0.352001 0.275551 -386
-5.53794 -2.23579 -121
-0.571845 -0.102576 -424
-0.386702 0.218081 -411
0.556417 0.283633 -198
-0.63537 -0.202784 -406
-1.37611 -2.7245 -197
-3.01704 -2.91911 -123
-1.0264 -1.53844 -198
1.50508 2.54862 212
-1.70143 -1.37082 -233
-2.62668 -1.76015 -122
-0.616838 -0.0619876 -1005
10.3909 0.590906 56
10.6511 3.52128 53
-1.45973 -2.17005 -196
-0.645627 3.11579 86
-4.17304 -2.23312 -119
0.94692 2.02294 289
-1.07142 -1.66351 -253
-4.38672 -1.52143 -140
-5.32315 -0.423286 -102
10.7739 5.67115 58
-4.23758 -5.14639 -110
-5.12887 -3.35146 -126
7.82964 3.82655 73
1.03695 1.479 267
-2.25675 -0.914944 -250
-0.374542 0.239388 -420
-0.420221 -2.59075 -226
-4.70309 -3.02058 -136
-1.5071 0.384298 -252
-2.8979 -2.07702 -113
-1.58007 0.381085 -240
-0.352001 0.275551 -386
-4.61212 -2.28501 -121
-0.57177 -0.102476 -424
-0.386702 0.218081 -411
0.556417 0.283633 -198
-0.641417 -0.203052 -406
-1.37612 -2.72302 -197
-3.07656 -2.49449 -123
-1.02641 -1.53845 -198
1.50518 2.54711 212
-1.69979 -1.37097 -233
-2.62755 -1.75709 -122
-0.616904 -0.062261 -1005
10.3905 0.593153 56
10.6319 3.4956 53
-1.46163 -2.18502 -196
-0.98465 3.78932 86
-4.17245 -2.2334 -119
0.94692 2.02294 289
-1.07451 -1.6658 -253
-4.38759 -1.52267 -140
-5.32471 -0.423109 -102
11.8815 5.06684 58
-4.23758 -5.14639 -110
-5.12966 -3.34958 -126
7.82928 3.82895 73
1.03959 1.4735 267
-2.26011 -0.944726 -250
-0.374542 0.239388 -420
-0.420221 -2.59075 -226
-4.55601 -3.61909 -136
-1.5071 0.384298 -252
-2.8982 -2.07718 -113
-1.58007 0.381085 -240
-0.352001 0.275551 -386
-4.66581 -2.27878 -121
-0.571754 -0.102473 -424
-0.386702 0.218081 -411
0.556417 0.283633 -198
-0.647176 -0.203093 -406
-1.37568 -2.72404 -197
-3.08308 -2.46643 -123
-1.0265 -1.53841 -198
1.50486 2.54766 212
-1.70029 -1.37147 -233
-2.62712 -1.75931 -122
-0.616802 -0.061566 -1005
10.3903 0.593898 56
10.6317 3.5109 53
-1.46327 -2.19929 -196
-1.31772 3.42922 86
-4.17259 -2.23334 -119
0.94692 2.02294 289
-1.07647 -1.6653 -253
-4.38733 -1.52254 -140
-5.32389 -0.423715 -102
10.795 5.79392 58
-4.23758 -5.14639 -110
-5.12951 -3.35057 -126
7.8279 3.82774 73
1.04346 1.46786 267
-2.37844 -1.74261 -250
-0.374542 0.239388 -420
-0.420221 -2.59075 -226
-4.30258 -2.53745 -136
-1.5071 0.384298 -252
-2.898 -2.07644 -113
-1.58007 0.381085 -240
-0.352001 0.275551 -386
-4.63286 -2.27617 -121
-0.571831 -0.102524 -424
-0.386702 0.218081 -411
0.556417 0.283633 -198
-0.650311 -0.203205 -406
-1.37594 -2.72495 -197
-3.09169 -2.45076 -123
-1.02596 -1.53845 -198
1.5049 2.54834 212
-1.7004 -1.37395 -233
-2.62806 -1.75412 -122
-0.616855 -0.0617457 -1005
10.3916 0.600095 56
10.5624 3.00706 53
-1.46676 -2.21041 -196
-0.865598 2.65494 86
-4.17784 -2.2336 -119
0.94692 2.02294 289
-1.08045 -1.66593 -253
-4.3875 -1.5227 -140
-5.32397 -0.425803 -102
10.7519 5.52458 58
-4.23758 -5.14639 -110
-5.12883 -3.35235 -126
7.82914 3.83008 73
1.04718 1.46329 267
-2.37835 -1.74066 -250
-0.374542 0.239388 -420
-0.420221 -2.59075 -226
-4.29754 -2.51183 -136
-1.5071 0.384298 -252
-2.898 -2.07641 -113
-1.58007 0.381085 -240
-0.352001 0.275551 -386
-4.64465 -2.27515 -121
-0.571783 -0.102466 -424
-0.386702 0.218081 -411
0.556417 0.283633 -198
-0.655325 -0.203322 -406
-1.37596 -2.7252 -197
-3.10082 -2.4291 -123
-1.02627 -1.53851 -198
1.50487 2.54832 212
-1.70069 -1.37448 -233
-2.62778 -1.75393 -122
-0.617046 -0.0633457 -1005
10.3916 0.594182 56
10.5532 2.97113 53
-1.47274 -2.21979 -196
-2.69903 3.43593 86
-4.17722 -2.23369 -119
0.94692 2.02294 289
-1.08256 -1.66598 -253
-4.38709 -1.5227 -140
-5.3236 -0.424161 -102
10.7402 5.44388 58
-4.23758 -5.14639 -110
-5.12859 -3.35268 -126
7.83122 3.83753 73
1.04763 1.46024 267
-2.5606 -1.1074 -250
-0.374542 0.239388 -420
-0.420221 -2.59075 -226
-4.23288 -2.03645 -136
-1.5071 0.384298 -252
-2.8979 -2.076 -113
-1.58007 0.381085 -240
-0.352001 0.275551 -386
-4.69694 -2.27265 -121
-0.571785 -0.102502 -424
-0.386702 0.218081 -411
0.556417 0.283633 -198
-0.659896 -0.203464 -406
-1.37599 -2.72557 -197
-3.11203 -2.39182 -123
-1.02585 -1.53846 -198
1.50448 2.54812 212
-1.70005 -1.37352 -233
-2.6278 -1.75719 -122
-0.616958 -0.0626851 -1005
10.3906 0.593016 56
10.5588 3.00516 53
-1.47815 -2.22897 -196
-2.59426 3.01877 86
-4.17718 -2.23336 -119
0.94692 2.02294 289
-1.08384 -1.66586 -253
-4.38737 -1.5225 -140
-5.3235 -0.424361 -102
10.7435 5.46529 58
-4.23758 -5.14639 -110
-5.12893 -3.35284 -126
7.83308 3.83849 73
1.0479 1.45778 267
-2.55996 -1.11737 -250
-0.374542 0.239388 -420
-0.420221 -2.59075 -226
-4.26737 -2.29437 -136
-1.5071 0.384298 -252
-2.8982 -2.07624 -113
-1.58007 0.381085 -240
-0.352001 0.275551 -386
-4.73101 -2.26557 -121
-0.571832 -0.102498 -424
-0.386702 0.218081 -411
0.556417 0.283633 -198
-0.66386 -0.203587 -406
-1.37592 -2.72813 -197
-3.12068 -2.37654 -123
-1.02609 -1.53856 -198
1.50429 2.54842 212
-1.70067 -1.35268 -233
-2.62689 -1.75949 -122
-0.617118 -0.0632591 -1005
10.3913 0.594554 56
10.5586 3.00418 53
-1.48334 -2.24045 -196
-3.24503 1.0488 86
-4.1775 -2.23388 -119
0.94692 2.02294 289
-1.08591 -1.66636 -253
-4.38722 -1.52222 -140
-5.32274 -0.424367 -102
10.7286 5.35973 58
-4.23758 -5.14639 -110
-5.12876 -3.34998 -126
7.8323 3.83015 73
1.04826 1.45441 267
-2.61647 -0.869569 -250
-0.374542 0.239388 -420
-0.420221 -2.59075 -226
-4.26439 -2.28218 -136
-1.5071 0.384298 -252
-2.898 -2.07716 -113
-1.58007 0.381085 -240
-0.352001 0.275551 -386
-4.72896 -2.25603 -121
-0.571795 -0.102483 -424
-0.386702 0.218081 -411
0.556417 0.283633 -198
-0.670653 -0.203664 -406
-1.37522 -2.72933 -197
-3.12785 -2.36078 -123
-1.02623 -1.53845 -198
1.50467 2.54845 212
-1.7004 -1.34318 -233
-2.62707 -1.7571 -122
-0.617005 -0.0628381 -1005
10.3913 0.596044 56
10.5564 2.98975 53
-1.48844 -2.25032 -196
2.28245 -0.598523 86
-4.17748 -2.23338 -119
0.94692 2.02294 289
-1.0858 -1.66679 -253
-4.38705 -1.52233 -140
-5.3238 -0.423971 -102
10.742 5.46011 58
-4.23758 -5.14639 -110
-5.12891 -3.35061 -126
7.82928 3.8191 73
1.048 1.45141 267
-2.61631 -0.911274 -250
-0.374542 0.239388 -420
-0.420221 -2.59075 -226
-4.26524 -2.28618 -136
-1.5071 0.384298 -252
-2.8981 -2.07672 -113
-1.58007 0.381085 -240
-0.352001 0.275551 -386
-4.72395 -2.24909 -121
-0.571644 -0.102618 -424
-0.386702 0.218081 -411
0.556417 0.283633 -198
-0.65451 -0.203032 -406
-1.37515 -2.73081 -197
-3.13504 -2.35292 -123
-1.02613 -1.53832 -198
1.50439 2.54897 212
-1.70071 -1.34171 -233
-2.62378 -1.77005 -122
-0.617058 -0.0625782 -1005
10.3913 0.59284 56
10.5512 2.96411 53
-1.49123 -2.26098 -196
2.31774 -0.364009 86
-4.17753 -2.23391 -119
0.94692 2.02294 289
-1.08616 -1.66689 -253
-4.38692 -1.52221 -140
-5.32393 -0.424059 -102
10.7469 5.49108 58
-4.23758 -5.14639 -110
-5.12882 -3.35118 -126
7.82088 3.80564 73
1.0484 1.44816 267
-2.66955 -0.381008 -250
-0.374542 0.239388 -420
-0.420221 -2.59075 -226
-4.26359 -2.27641 -136
-1.5071 0.384298 -252
-2.89808 -2.07677 -113
-1.58007 0.381085 -240
-0.352001 0.275551 -386
-4.72338 -2.2402 -121
-0.571803 -0.102545 -424
-0.386702 0.218081 -411
0.556417 0.283633 -198
-0.717567 -0.218617 -406
-1.37509 -2.7319 -197
-3.14236 -2.34475 -123
-1.02623 -1.53835 -198
1.50437 2.54946 212
-1.70061 -1.33866 -233
-2.62684 -1.75758 -122
-0.61705 -0.0628495 -1005
10.3918 0.591733 56
10.5546 2.98277 53
-1.49616 -2.27116 -196
0.241362 -1.26331 86
-4.17694 -2.23339 -119
0.94692 2.02294 289
-1.08602 -1.66645 -253
-4.38692 -1.52255 -140
-5.32379 -0.424614 -102
10.7164 5.27774 58
-4.23758 -5.14639 -110
-5.12912 -3.35018 -126
7.81995 3.7965 73
1.04836 1.4443 267
-2.66846 -0.232197 -250
-0.374542 0.239388 -420
-0.420221 -2.59075 -226
-4.26099 -2.26279 -136
-1.5071 0.384298 -252
-2.89807 -2.07551 -113
-1.58007 0.381085 -240
-0.352001 0.275551 -386
-4.72294 -2.23424 -121
-0.571811 -0.102444 -424
-0.386702 0.218081 -411
0.556417 0.283633 -198
-0.662011 -0.202996 -406
-1.37454 -2.73337 -197
-3.14945 -2.3373 -123
-1.0261 -1.53852 -198
1.50404 2.54974 212
-1.70068 -1.33705 -233
-2.62685 -1.76011 -122
-0.617076 -0.0626773 -1005
10.3925 0.597304 56
10.5583 3.00124 53
-1.50152 -2.27975 -196
1.8687 -1.10728 86
-4.17767 -2.23393 -119
0.94692 2.02294 289
-1.08601 -1.66687 -253
-4.38712 -1.52261 -140
-5.32351 -0.423934 -102
10.6997 5.17416 58
-4.23758 -5.14639 -110
-5.1284 -3.35079 -126
7.81976 3.7843 73
1.04854 1.44437 267
-2.67237 -0.210389 -250
-0.374542 0.239388 -420
-0.420221 -2.59075 -226
-4.26311 -2.27509 -136
-1.5071 0.384298 -252
-2.89794 -2.07722 -113
-1.58007 0.381085 -240
-0.352001 0.275551 -386
-4.72227 -2.22231 -121
-0.57188 -0.102501 -424
-0.386702 0.218081 -411
0.556417 0.283633 -198
-0.663753 -0.203105 -406
-1.37446 -2.73423 -197
-3.15535 -2.32977 -123
-1.0265 -1.53853 -198
1.50351 2.55026 212
-1.70087 -1.33355 -233
-2.6257 -1.76181 -122
-0.617178 -0.0631817 -1005
10.3914 0.598483 56
10.6353 3.54901 53
-1.50661 -2.29002 -196
3.43151 -0.472139 86
-4.17717 -2.23339 -119
0.94692 2.02294 289
-1.08642 -1.66661 -253
-4.38686 -1.522 -140
-5.32346 -0.42396 -102
10.6917 5.13662 58
-4.23758 -5.14639 -110
-5.12892 -3.35097 -126
7.82047 3.77041 73
1.04841 1.44493 267
-2.67138 -0.247624 -250
-0.374542 0.239388 -420
-0.420221 -2.59075 -226
-4.26603 -2.29024 -136
-1.5071 0.384298 -252
-2.89804 -2.07603 -113
-1.58007 0.381085 -240
-0.352001 0.275551 -386
-4.71516 -2.20561 -121
-0.571679 -0.10254 -424
-0.386702 0.218081 -411
0.556417 0.283633 -198
-0.667902 -0.203169 -406
-1.37408 -2.73607 -197
-3.15578 -2.32248 -123
-1.02643 -1.53835 -198
1.5022 2.55239 212
-1.70111 -1.33342 -233
-2.62764 -1.75531 -122
-0.617059 -0.0627114 -1005
10.3918 0.593959 56
10.553 2.97303 53
-1.51257 -2.29889 -196
3.12328 -0.370701 86
-4.17788 -2.23363 -119
0.94692 2.02294 289
-1.08621 -1.66677 -253
-4.38694 -1.52266 -140
-5.32391 -0.422922 -102
10.6775 5.02578 58
-4.23758 -5.14639 -110
-5.12922 -3.35113 -126
7.81091 3.76816 73
1.04892 1.44456 267
-2.6726 -0.231907 -250
-0.374542 0.239388 -420
-0.420221 -2.59075 -226
-4.2638 -2.27553 -136
-1.5071 0.384298 -252
-2.89808 -2.0765 -113
-1.58007 0.381085 -240
-0.352001 0.275551 -386
-4.71432 -2.19599 -121
-0.571842 -0.102562 -424
-0.386702 0.218081 -411
0.556417 0.283633 -198
-0.671561 -0.203274 -406
-1.37327 -2.73799 -197
-3.15554 -2.31451 -123
-1.02624 -1.53838 -198
1.5011 2.55282 212
-1.70099 -1.33079 -233
-2.62633 -1.75863 -122
-0.617127 -0.063111 -1005
10.3915 0.597396 56
10.5421 2.9143 53
-1.51739 -2.3094 -196
3.8561 -0.378803 86
-4.17693 -2.23392 -119
0.94692 2.02294 289
-1.08636 -1.66676 -253
-4.38664 -1.52213 -140
-5.32339 -0.423646 -102
10.7026 5.19257 58
-4.23758 -5.14639 -110
-5.12872 -3.35086 -126
7.81388 3.77193 73
1.04847 1.44347 267
-2.67426 -0.227212 -250
-0.374542 0.239388 -420
-0.420221 -2.59075 -226
-4.26393 -2.27977 -136
-1.5071 0.384298 -252
-2.898 -2.07538 -113
-1.58007 0.381085 -240
-0.352001 0.275551 -386
-4.71458 -2.18855 -121
-0.571915 -0.102458 -424
-0.386702 0.218081 -411
0.556417 0.283633 -198
-0.673302 -0.203153 -406
-1.37313 -2.73792 -197
-3.15469 -2.30718 -123
-1.02629 -1.53843 -198
1.50031 2.55304 212
-1.70087 -1.32948 -233
-2.62743 -1.75699 -122
-0.617124 -0.0627116 -1005
10.3916 0.595239 56
10.542 2.91617 53
-1.52256 -2.31398 -196
2.02027 -2.14108 86
-4.17787 -2.23347 -119
0.94692 2.02294 289
-1.08649 -1.6668 -253
-4.38712 -1.5224 -140
-5.32409 -0.423789 -102
10.6967 5.16149 58
-4.23758 -5.14639 -110
-5.12919 -3.34977 -126
7.81467 3.76427 73
1.04866 1.4441 267
-2.67459 -0.235993 -250
-0.374542 0.239388 -420
-0.420221 -2.59075 -226
-4.2636 -2.27603 -136
-1.5071 0.384298 -252
-2.89811 -2.07869 -113
-1.58007 0.381085 -240
-0.352001 0.275551 -386
-4.71411 -2.18074 -121
-0.571825 -0.102635 -424
-0.386702 0.218081 -411
0.556417 0.283633 -198
-0.6778 -0.203384 -406
-1.37308 -2.73737 -197
-3.1549 -2.29912 -123
-1.0263 -1.53838 -198
1.50017 2.55299 212
-1.70087 -1.32917 -233
-2.6263 -1.75999 -122
-0.617087 -0.0627822 -1005
10.3927 0.599967 56
10.5421 2.91542 53
-1.52719 -2.31852 -196
6.75607 5.66262 86
-4.17718 -2.23353 -119
0.94692 2.02294 289
-1.08616 -1.66688 -253
-4.38698 -1.52226 -140
-5.3236 -0.423747 -102
10.6967 5.16378 58
-4.23758 -5.14639 -110
-5.12852 -3.35179 -126
7.81376 3.74956 73
1.04869 1.4443 267
-2.63184 0.299142 -250
-0.374542 0.239388 -420
-0.420221 -2.59075 -226
-4.26632 -2.2916 -136
-1.5071 0.384298 -252
-2.89781 -2.07598 -113
-1.58007 0.381085 -240
-0.352001 0.275551 -386
-4.71402 -2.17351 -121
-0.571714 -0.102458 -424
-0.386702 0.218081 -411
0.556417 0.283633 -198
-0.682362 -0.203623 -406
-1.37284 -2.73898 -197
-3.15464 -2.29151 -123
-1.02643 -1.53849 -198
1.49966 2.55465 212
-1.70115 -1.33 -233
-2.62623 -1.76058 -122
-0.617144 -0.0626749 -1005
10.3916 0.593106 56
10.5434 2.92009 53
-1.5272 -2.32276 -196
6.44656 6.25685 86
-4.17739 -2.23381 -119
0.94692 2.02294 289
-1.08616 -1.66675 -253
-4.38674 -1.52201 -140
-5.32399 -0.42328 -102
10.6939 5.14164 58
-4.23758 -5.14639 -110
-5.12865 -3.35175 -126
7.81384 3.737 73
1.04844 1.44458 267
-2.63592 0.235215 -250
-0.374542 0.239388 -420
-0.420221 -2.59075 -226
-4.26631 -2.29381 -136
-1.5071 0.384298 -252
-2.89815 -2.07614 -113
-1.58007 0.381085 -240
-0.352001 0.275551 -386
-4.70862 -2.1633 -121
-0.571799 -0.102532 -424
-0.386702 0.218081 -411
0.556417 0.283633 -198
-0.686812 -0.203772 -406
-1.37259 -2.73874 -197
-3.15574 -2.28288 -123
-1.02622 -1.53844 -198
1.49914 2.5535 212
-1.7011 -1.33055 -233
-2.62533 -1.76356 -122
-0.617219 -0.0630056 -1005
10.3924 0.596618 56
10.5441 2.92642 53
-1.52724 -2.32796 -196
3.62085 -1.01334 86
-4.17757 -2.23366 -119
0.94692 2.02294 289
-1.08636 -1.66663 -253
-4.38647 -1.52235 -140
-5.32378 -0.424555 -102
10.6974 5.16653 58
-4.23758 -5.14639 -110
-5.12928 -3.35108 -126
7.80418 3.72444 73
1.0483 1.44428 267
-2.64029 0.18558 -250
-0.374542 0.239388 -420
-0.420221 -2.59075 -226
-4.26502 -2.28719 -136
-1.5071 0.384298 -252
-2.89832 -2.0765 -113
-1.58007 0.381085 -240
-0.352001 0.275551 -386
-4.70934 -2.15605 -121
-0.571692 -0.102498 -424
-0.386702 0.218081 -411
0.556417 0.283633 -198
-0.69124 -0.203874 -406
-1.37295 -2.73861 -197
-3.15516 -2.27569 -123
-1.02631 -1.53831 -198
1.49892 2.55398 212
-1.70129 -1.33016 -233
-2.62537 -1.76428 -122
-0.617143 -0.0625412 -1005
10.3931 0.599621 56
10.5408 2.90755 53
-1.52697 -2.33117 -196
3.17168 -1.89489 86
-4.17774 -2.23352 -119
0.94692 2.02294 289
-1.08658 -1.66649 -253
-4.38689 -1.5223 -140
-5.32458 -0.424284 -102
10.6592 4.89475 58
-4.23758 -5.14639 -110
-5.12881 -3.35045 -126
7.80608 3.71218 73
1.04898 1.44446 267
-2.67685 -0.257976 -250
-0.374542 0.239388 -420
-0.420221 -2.59075 -226
-4.26534 -2.28557 -136
-1.5071 0.384298 -252
-2.89818 -2.07791 -113
-1.58007 0.381085 -240
-0.352001 0.275551 -386
-4.70809 -2.14805 -121
-0.571708 -0.102503 -424
-0.386702 0.218081 -411
0.556417 0.283633 -198
-0.693446 -0.204077 -406
-1.3721 -2.73879 -197
-3.15552 -2.2682 -123
-1.02633 -1.53851 -198
1.49827 2.55441 212
-1.70091 -1.32979 -233
-2.62631 -1.76096 -122
-0.61705 -0.0625724 -1005
10.3914 0.593076 56
10.5417 2.90893 53
-1.52675 -2.33672 -196
4.59795 -1.11144 86
-4.17756 -2.23369 -119
0.94692 2.02294 289
-1.0862 -1.66693 -253
-4.38626 -1.52254 -140
-5.32343 -0.423496 -102
10.6877 5.10409 58
-4.23758 -5.14639 -110
-5.12882 -3.35076 -126
7.80259 3.69465 73
1.0486 1.44451 267
-2.67707 -0.254015 -250
-0.374542 0.239388 -420
-0.420221 -2.59075 -226
-4.26634 -2.2922 -136
-1.5071 0.384298 -252
-2.89795 -2.07694 -113
-1.58007 0.381085 -240
-0.352001 0.275551 -386
-4.70769 -2.14088 -121
-0.57178 -0.102454 -424
-0.386702 0.218081 -411
0.556417 0.283633 -198
-0.695681 -0.20427 -406
-1.37217 -2.73929 -197
-3.15503 -2.26109 -123
-1.02604 -1.53825 -198
1.49807 2.55454 212
-1.70121 -1.33046 -233
-2.62556 -1.7628 -122
-0.617046 -0.0621333 -1005
10.3923 0.593786 56
10.548 2.95112 53
-1.52925 -2.34301 -196
5.94145 5.70336 86
-4.17718 -2.2336 -119
0.94692 2.02294 289
-1.08635 -1.66715 -253
-4.38627 -1.52192 -140
-5.32388 -0.424122 -102
10.6693 4.96762 58
-4.23758 -5.14639 -110
-5.12871 -3.35076 -126
7.79979 3.67751 73
1.04865 1.44423 267
-2.63877 0.177614 -250
-0.374542 0.239388 -420
-0.420221 -2.59075 -226
-4.26336 -2.27639 -136
-1.5071 0.384298 -252
-2.89823 -2.07713 -113
-1.58007 0.381085 -240
-0.352001 0.275551 -386
-4.70744 -2.13352 -121
-0.571904 -0.102528 -424
-0.386702 0.218081 -411
0.556417 0.283633 -198
-0.697839 -0.204361 -406
-1.37213 -2.73848 -197
-3.15532 -2.25418 -123
-1.02609 -1.53833 -198
1.49803 2.55445 212
-1.70121 -1.33018 -233
-2.62793 -1.75496 -122
-0.61711 -0.0626748 -1005
10.3918 0.591029 56
10.5395 2.90151 53
-1.55628 -2.34807 -196
8.09968 1.48982 86
-4.17755 -2.23345 -119
0.94692 2.02294 289
-1.08632 -1.66661 -253
-4.38661 -1.5229 -140
-5.32407 -0.425223 -102
10.675 5.00877 58
-4.23758 -5.14639 -110
-5.12904 -3.35197 -126
7.79755 3.65231 73
1.04861 1.44452 267
-2.62961 0.318352 -250
-0.374542 0.239388 -420
-0.420221 -2.59075 -226
-4.26598 -2.29101 -136
-1.5071 0.384298 -252
-2.89801 -2.07599 -113
-1.58007 0.381085 -240
-0.352001 0.275551 -386
-4.70721 -2.1248 -121
-0.571807 -0.102541 -424
-0.386702 0.218081 -411
0.556417 0.283633 -198
-0.699807 -0.204495 -406
-1.37204 -2.73967 -197
-3.15514 -2.24864 -123
-1.02608 -1.53842 -198
1.49684 2.55541 212
-1.70132 -1.32968 -233
-2.62616 -1.76186 -122
-0.617166 -0.0627344 -1005
10.3922 0.59386 56
10.5463 2.94285 53
-1.56036 -2.38676 -196
8.17127 1.43708 86
-4.17697 -2.23369 -119
0.94692 2.02294 289
-1.08642 -1.66695 -253
-4.38617 -1.52215 -140
-5.32365 -0.424296 -102
10.646 4.81319 58
-4.23758 -5.14639 -110
-5.12869 -3.35108 -126
7.7986 3.63546 73
1.049 1.44447 267
-2.63087 0.313753 -250
-0.374542 0.239388 -420
-0.420221 -2.59075 -226
-4.26513 -2.28597 -136
-1.5071 0.384298 -252
-2.89818 -2.07667 -113
-1.58007 0.381085 -240
-0.352001 0.275551 -386
-4.70134 -2.11591 -121
-0.571799 -0.102475 -424
-0.386702 0.218081 -411
0.556417 0.283633 -198
-0.702164 -0.204636 -406
-1.37201 -2.7389 -197
-3.15553 -2.24203 -123
-1.02593 -1.53849 -198
1.49748 2.55479 212
-1.70105 -1.32997 -233
-2.62715 -1.75639 -122
-0.61723 -0.0629743 -1005
10.3923 0.600748 56
10.5416 2.90974 53
-1.56498 -2.36313 -196
7.9827 1.1256 86
-4.17743 -2.23371 -119
0.94692 2.02294 289
-1.08655 -1.66683 -253
-4.38607 -1.52228 -140
-5.32402 -0.424005 -102
10.673 4.9861 58
-4.23758 -5.14639 -110
-5.12954 -3.35134 -126
7.78487 3.62219 73
1.04891 1.44498 267
-2.62963 0.324525 -250
-0.374542 0.239388 -420
-0.420221 -2.59075 -226
-4.26514 -2.28567 -136
-1.5071 0.384298 -252
-2.89816 -2.07718 -113
-1.58007 0.381085 -240
-0.352001 0.275551 -386
-4.70138 -2.10748 -121
-0.571708 -0.102508 -424
-0.386702 0.218081 -411
0.556417 0.283633 -198
-0.704338 -0.204918 -406
-1.37258 -2.73822 -197
-3.15548 -2.24156 -123
-1.02616 -1.5384 -198
1.49843 2.55419 212
-1.70081 -1.32938 -233
-2.62641 -1.7597 -122
-0.61713 -0.0630168 -1005
10.3918 0.599049 56
10.5387 2.89224 53
-1.56901 -2.36351 -196
7.94908 2.46332 86
-4.17709 -2.23376 -119
0.94692 2.02294 289
-1.0864 -1.66678 -253
-4.38609 -1.52194 -140
-5.32335 -0.424046 -102
10.6784 5.03521 58
-4.23758 -5.14639 -110
-5.12898 -3.34947 -126
7.7853 3.60748 73
1.04887 1.44447 267
-2.62945 0.317687 -250
-0.374542 0.239388 -420
-0.420221 -2.59075 -226
-4.26487 -2.28615 -136
-1.5071 0.384298 -252
-2.89814 -2.07668 -113
-1.58007 0.381085 -240
-0.352001 0.275551 -386
-4.70119 -2.10755 -121
-0.571873 -0.102548 -424
-0.386702 0.218081 -411
0.556417 0.283633 -198
-0.706628 -0.205002 -406
-1.3725 -2.7384 -197
-3.15484 -2.24182 -123
-1.0263 -1.53852 -198
1.49852 2.55386 212
-1.70087 -1.32991 -233
-2.62632 -1.76117 -122
-0.617189 -0.0629109 -1005
10.3921 0.591459 56
10.5461 2.93553 53
-1.56884 -2.37284 -196
6.09255 1.22046 86
-4.1772 -2.23366 -119
0.94692 2.02294 289
-1.08619 -1.66679 -253
-4.38626 -1.52248 -140
-5.32376 -0.422894 -102
10.6287 4.72246 58
-4.23758 -5.14639 -110
-5.12891 -3.35088 -126
7.78526 3.60658 73
1.04855 1.44359 267
-2.63153 0.278049 -250
-0.374542 0.239388 -420
-0.420221 -2.59075 -226
-4.2596 -2.25623 -136
-1.5071 0.384298 -252
-2.89786 -2.07508 -113
-1.58007 0.381085 -240
-0.352001 0.275551 -386
-4.70124 -2.10771 -121
-0.571783 -0.102461 -424
-0.386702 0.218081 -411
0.556417 0.283633 -198
-0.70906 -0.204972 -406
-1.3728 -2.73826 -197
-3.15497 -2.2411 -123
-1.02645 -1.53843 -198
1.49871 2.55434 212
-1.70086 -1.3302 -233
-2.62613 -1.76111 -122
-0.617055 -0.062382 -1005
10.3915 0.59 56
10.5443 2.92926 53
-1.56908 -2.3773 -196
6.06268 1.68422 86
-4.17804 -2.23367 -119
0.94692 2.02294 289
-1.08644 -1.66675 -253
-4.38617 -1.52242 -140
-5.32369 -0.422392 -102
10.6798 5.04231 58
-4.23758 -5.14639 -110
-5.12872 -3.35181 -126
7.78616 3.60792 73
1.04859 1.44413 267
-2.63033 0.298864 -250
-0.374542 0.239388 -420
-0.420221 -2.59075 -226
-4.26449 -2.28418 -136
-1.5071 0.384298 -252
-2.89791 -2.07642 -113
-1.58007 0.381085 -240
-0.352001 0.275551 -386
-4.70126 -2.10784 -121
-0.571609 -0.102539 -424
-0.386702 0.218081 -411
0.556417 0.283633 -198
-0.711377 -0.205309 -406
-1.37275 -2.73851 -197
-3.15508 -2.24129 -123
-1.02655 -1.53856 -198
1.4989 2.55432 212
-1.70131 -1.3302 -233
-2.62728 -1.75803 -122
-0.617098 -0.062355 -1005
10.3926 0.600187 56
10.5423 2.90908 53
-1.56899 -2.37846 -196
6.06005 1.57026 86
-4.17741 -2.23346 -119
0.94692 2.02294 289
-1.08599 -1.66696 -253
-4.38597 -1.52127 -140
-5.32383 -0.424441 -102
10.6625 4.91826 58
-4.23758 -5.14639 -110
-5.12871 -3.35191 -126
7.7851 3.60776 73
1.04856 1.44412 267
-2.63053 0.293429 -250
-0.374542 0.239388 -420
-0.420221 -2.59075 -226
-4.26566 -2.28926 -136
-1.5071 0.384298 -252
-2.89809 -2.07641 -113
-1.58007 0.381085 -240
-0.352001 0.275551 -386
-4.70105 -2.10765 -121
-0.571884 -0.102515 -424
-0.386702 0.218081 -411
0.556417 0.283633 -198
-0.713796 -0.205237 -406
-1.3729 -2.73834 -197
-3.15562 -2.24164 -123
-1.0269 -1.53831 -198
1.4989 2.5538 212
-1.70105 -1.32991 -233
-2.62525 -1.76523 -122
-0.617091 -0.0625936 -1005
10.3917 0.596621 56
10.5437 2.9284 53
-1.56871 -2.38102 -196
5.98306 2.22504 86
-4.17735 -2.23361 -119
0.94692 2.02294 289
-1.0866 -1.66668 -253
-4.38596 -1.5218 -140
-5.32333 -0.424662 -102
10.6105 4.59484 58
-4.23758 -5.14639 -110
-5.12917 -3.35083 -126
7.7854 3.60738 73
1.04847 1.4443 267
-2.63059 0.291597 -250
-0.374542 0.239388 -420
-0.420221 -2.59075 -226
-4.26642 -2.29305 -136
-1.5071 0.384298 -252
-2.89789 -2.07564 -113
-1.58007 0.381085 -240
-0.352001 0.275551 -386
-4.70134 -2.10821 -121
-0.571673 -0.102515 -424
-0.386702 0.218081 -411
0.556417 0.283633 -198
-0.715001 -0.205663 -406
-1.37316 -2.73805 -197
-3.15543 -2.2409 -123
-1.02617 -1.53843 -198
1.49921 2.55411 212
-1.70104 -1.33017 -233
-2.62602 -1.76187 -122
-0.617126 -0.0620563 -1005
10.3921 0.595839 56
10.5395 2.89926 53
-1.56924 -2.34493 -196
5.96125 2.46975 86
-4.17756 -2.23368 -119
0.94692 2.02294 289
-1.08633 -1.66698 -253
-4.38648 -1.52231 -140
-5.32392 -0.424343 -102
10.6295 4.72663 58
-4.23758 -5.14639 -110
-5.12923 -3.35112 -126
7.78513 3.60761 73
1.04864 1.44417 267
-2.63111 0.280775 -250
-0.374542 0.239388 -420
-0.420221 -2.59075 -226
-4.26541 -2.28729 -136
-1.5071 0.384298 -252
-2.89813 -2.07593 -113
-1.58007 0.381085 -240
-0.352001 0.275551 -386
-4.70114 -2.10679 -121
-0.571657 -0.10242 -424
-0.386702 0.218081 -411
0.556417 0.283633 -198
-0.714937 -0.205614 -406
-1.37298 -2.7387 -197
-3.15531 -2.24203 -123
-1.02637 -1.53833 -198
1.49915 2.55358 212
-1.70126 -1.32983 -233
-2.62682 -1.75898 -122
-0.617098 -0.0625466 -1005
10.3926 0.59509 56
10.5442 2.9231 53
-1.56924 -2.35833 -196
1.61931 3.67945 86
-4.17656 -2.23344 -119
0.94692 2.02294 289
-1.08629 -1.66674 -253
-4.38591 -1.52186 -140
-5.32378 -0.424923 -102
10.6874 5.10443 58
-4.23758 -5.14639 -110
-5.12909 -3.35013 -126
7.7851 3.60537 73
1.0487 1.44454 267
-2.63 0.300345 -250
-0.374542 0.239388 -420
-0.420221 -2.59075 -226
-4.26326 -2.27648 -136
-1.5071 0.384298 -252
-2.89824 -2.07732 -113
-1.58007 0.381085 -240
-0.352001 0.275551 -386
-4.7017 -2.10846 -121
-0.571893 -0.102457 -424
-0.386702 0.218081 -411
0.556417 0.283633 -198
-0.714869 -0.205514 -406
-1.37323 -2.73755 -197
-3.15532 -2.24117 -123
-1.0257 -1.53855 -198
1.49936 2.55403 212
-1.70136 -1.33013 -233
-2.62327 -1.77297 -122
-0.617147 -0.0626339 -1005
10.3918 0.592845 56
10.5409 2.90615 53
-1.56898 -2.38548 -196
2.51401 3.14963 86
-4.17729 -2.23362 -119
0.94692 2.02294 289
-1.0863 -1.66689 -253
-4.38655 -1.52282 -140
-5.3239 -0.424233 -102
10.6537 4.86349 58
-4.23758 -5.14639 -110
-5.12858 -3.35265 -126
7.78554 3.60835 73
1.04887 1.44461 267
-2.63096 0.284465 -250
-0.374542 0.239388 -420
-0.420221 -2.59075 -226
-4.26424 -2.28036 -136
-1.5071 0.384298 -252
-2.89807 -2.07594 -113
-1.58007 0.381085 -240
-0.352001 0.275551 -386
-4.70186 -2.10809 -121
-0.571869 -0.102507 -424
-0.386702 0.218081 -411
0.556417 0.283633 -198
-0.714826 -0.205593 -406
-1.37339 -2.73782 -197
-3.15496 -2.24056 -123
-1.02623 -1.53837 -198
1.49908 2.55414 212
-1.70081 -1.33029 -233
-2.62564 -1.76381 -122
-0.617168 -0.0628232 -1005
10.392 0.593126 56
10.5445 2.92864 53
-1.56865 -2.40305 -196
5.06931 3.53105 86
-4.17811 -2.23401 -119
0.94692 2.02294 289
-1.08644 -1.66694 -253
-4.38623 -1.52203 -140
-5.32334 -0.425294 -102
10.6932 5.14543 58
-4.23758 -5.14639 -110
-5.12874 -3.35127 -126
7.78641 3.60802 73
1.04884 1.44428 267
-2.63056 0.288803 -250
-0.374542 0.239388 -420
-0.420221 -2.59075 -226
-4.26538 -2.28749 -136
-1.5071 0.384298 -252
-2.89825 -2.07549 -113
-1.58007 0.381085 -240
-0.352001 0.275551 -386
-4.70088 -2.10693 -121
-0.57185 -0.102555 -424
-0.386702 0.218081 -411
0.556417 0.283633 -198
-0.714952 -0.205592 -406
-1.3736 -2.73701 -197
-3.15519 -2.24142 -123
-1.02634 -1.53839 -198
1.49922 2.55396 212
-1.70116 -1.3306 -233
-2.62467 -1.76644 -122
-0.61714 -0.0625042 -1005
10.3924 0.599309 56
10.5405 2.90268 53
-1.56844 -2.41359 -196
1.39692 6.02263 86
-4.17721 -2.23345 -119
0.94692 2.02294 289
-1.08635 -1.66701 -253
-4.38617 -1.52219 -140
-5.32369 -0.422671 -102
10.6741 4.99287 58
-4.23758 -5.14639 -110
-5.12848 -3.35113 -126
7.78422 3.60662 73
1.04873 1.44446 267
-2.63179 0.272982 -250
-0.374542 0.239388 -420
-0.420221 -2.59075 -226
-4.26537 -2.28771 -136
-1.5071 0.384298 -252
-2.89824 -2.07622 -113
-1.58007 0.381085 -240
-0.352001 0.275551 -386
-4.70078 -2.10758 -121
-0.571669 -0.102491 -424
-0.386702 0.218081 -411
0.556417 0.283633 -198
-0.715016 -0.205626 -406
-1.37341 -2.73741 -197
-3.15521 -2.24173 -123
-1.02626 -1.53834 -198
1.49981 2.55399 212
-1.70051 -1.33021 -233
-2.62647 -1.76051 -122
-0.617086 -0.0624268 -1005
10.3921 0.596095 56
10.539 2.89204 53
-1.56867 -2.42158 -196
5.04412 3.06228 86
-4.17736 -2.23379 -119
0.94692 2.02294 289
-1.08628 -1.66685 -253
-4.38616 -1.52219 -140
-5.32344 -0.42392 -102
10.6177 4.6497 58
-4.23758 -5.14639 -110
-5.12876 -3.35099 -126
7.78498 3.60701 73
1.04854 1.44476 267
-2.63243 0.257599 -250
-0.374542 0.239388 -420
-0.420221 -2.59075 -226
-4.26434 -2.28217 -136
-1.5071 0.384298 -252
-2.89817 -2.07586 -113
-1.58007 0.381085 -240
-0.352001 0.275551 -386
-4.70179 -2.10779 -121
-0.571823 -0.102545 -424
-0.386702 0.218081 -411
0.556417 0.283633 -198
-0.714911 -0.205466 -406
-1.37387 -2.73724 -197
-3.15559 -2.24157 -123
-1.02668 -1.53829 -198
1.50022 2.55438 212
-1.7014 -1.32961 -233
-2.62697 -1.75728 -122
-0.617098 -0.0620527 -1005
10.3913 0.594765 56
10.5402 2.89828 53
-1.56844 -2.4279 -196
5.82186 2.52885 86
-4.17745 -2.23357 -119
0.94692 2.02294 289
-1.08643 -1.66697 -253
-4.3863 -1.52254 -140
-5.32332 -0.422976 -102
10.6536 4.8622 58
-4.23758 -5.14639 -110
-5.12886 -3.34985 -126
7.78508 3.60765 73
1.04841 1.44448 267
-2.63174 0.269901 -250
-0.374542 0.239388 -420
-0.420221 -2.59075 -226
-4.26404 -2.28196 -136
-1.5071 0.384298 -252
-2.89797 -2.07558 -113
-1.58007 0.381085 -240
-0.352001 0.275551 -386
-4.70108 -2.10839 -121
-0.571763 -0.10252 -424
-0.386702 0.218081 -411
0.556417 0.283633 -198
-0.715027 -0.205538 -406
-1.3742 -2.7372 -197
-3.15578 -2.24116 -123
-1.02622 -1.53828 -198
1.50022 2.55411 212
-1.70106 -1.32978 -233
-2.62696 -1.76001 -122
-0.617051 -0.062219 -1005
10.3924 0.597856 56
10.5471 2.94664 53
-1.56926 -2.38961 -196
5.90311 2.56948 86
-4.17779 -2.23349 -119
0.94692 2.02294 289
-1.08657 -1.66689 -253
-4.38612 -1.5226 -140
-5.32343 -0.425779 -102
10.6214 4.6683 58
-4.23758 -5.14639 -110
-5.12886 -3.35075 -126
7.78514 3.60863 73
1.04875 1.44441 267
-2.63167 0.271021 -250
-0.374542 0.239388 -420
-0.420221 -2.59075 -226
-4.26569 -2.29034 -136
-1.5071 0.384298 -252
-2.89801 -2.07457 -113
-1.58007 0.381085 -240
-0.352001 0.275551 -386
-4.70185 -2.10779 -121
-0.57167 -0.102467 -424
-0.386702 0.218081 -411
0.556417 0.283633 -198
-0.71483 -0.205512 -406
-1.374 -2.73665 -197
-3.15542 -2.24169 -123
-1.02624 -1.53844 -198
1.50034 2.55415 212
-1.70102 -1.33027 -233
-2.62671 -1.7604 -122
-0.61717 -0.0624925 -1005
10.3915 0.592353 56
10.5423 2.91225 53
-1.56871 -2.41242 -196
5.78532 2.57179 86
-4.17746 -2.23379 -119
0.94692 2.02294 289
-1.08645 -1.66699 -253
-4.38617 -1.52156 -140
-5.32353 -0.423648 -102
10.6597 4.90357 58
-4.23758 -5.14639 -110
-5.12874 -3.35062 -126
7.78469 3.60778 73
1.04852 1.44455 267
-2.63221 0.259765 -250
-0.374542 0.239388 -420
-0.420221 -2.59075 -226
-4.26512 -2.28653 -136
-1.5071 0.384298 -252
-2.89821 -2.07644 -113
-1.58007 0.381085 -240
-0.352001 0.275551 -386
-4.70156 -2.10873 -121
-0.571816 -0.1025 -424
-0.386702 0.218081 -411
0.556417 0.283633 -198
-0.714784 -0.205562 -406
-1.37437 -2.73681 -197
-3.15496 -2.24183 -123
-1.02647 -1.53831 -198
1.50086 2.55462 212
-1.70091 -1.32988 -233
-2.62712 -1.76063 -122
-0.617065 -0.0622683 -1005
10.3918 0.595052 56
10.5436 2.92616 53
-1.56879 -2.43874 -196
5.75636 2.61209 86
-4.17787 -2.23376 -119
0.94692 2.02294 289
-1.08622 -1.66686 -253
-4.38608 -1.52239 -140
-5.32324 -0.424023 -102
10.6695 4.96298 58
-4.23758 -5.14639 -110
-5.12885 -3.35058 -126
7.78472 3.60899 73
1.0487 1.44434 267
-2.63254 0.255038 -250
-0.374542 0.239388 -420
-0.420221 -2.59075 -226
-4.26517 -2.28583 -136
-1.5071 0.384298 -252
-2.89804 -2.07572 -113
-1.58007 0.381085 -240
-0.352001 0.275551 -386
-4.70133 -2.10909 -121
-0.571854 -0.102471 -424
-0.386702 0.218081 -411
0.556417 0.283633 -198
-0.714776 -0.205517 -406
-1.37434 -2.73614 -197
-3.15449 -2.24142 -123
-1.02656 -1.53828 -198
1.5008 2.55391 212
-1.7008 -1.32948 -233
-2.62504 -1.76532 -122
-0.617088 -0.0623982 -1005
10.3916 0.591213 56
10.5407 2.91445 53
-1.56945 -2.42982 -196
5.7473 2.61099 86
-4.17733 -2.23383 -119
0.94692 2.02294 289
-1.08643 -1.6671 -253
-4.3861 -1.52233 -140
-5.32417 -0.424705 -102
10.6882 5.10951 58
-4.23758 -5.14639 -110
-5.12893 -3.35076 -126
7.78563 3.60951 73
1.04858 1.44473 267
-2.63125 0.274555 -250
-0.374542 0.239388 -420
-0.420221 -2.59075 -226
-4.26648 -2.29483 -136
-1.5071 0.384298 -252
-2.898 -2.07537 -113
-1.58007 0.381085 -240
-0.352001 0.275551 -386
-4.70149 -2.10826 -121
-0.57195 -0.102533 -424
-0.386702 0.218081 -411
0.556417 0.283633 -198
-0.71485 -0.205512 -406
-1.37454 -2.73588 -197
-3.15519 -2.24152 -123
-1.02618 -1.53841 -198
1.50075 2.55413 212
-1.70125 -1.32919 -233
-2.62519 -1.76591 -122
-0.617148 -0.0623462 -1005
10.3911 0.593386 56
10.5422 2.91879 53
-1.56934 -2.42925 -196
5.7374 2.61092 86
-4.17797 -2.23345 -119
0.94692 2.02294 289
-1.0863 -1.66716 -253
-4.38653 -1.5223 -140
-5.32357 -0.423998 -102
10.6584 4.88605 58
-4.23758 -5.14639 -110
-5.12904 -3.34893 -126
7.78492 3.60899 73
1.04863 1.44401 267
-2.63264 0.252692 -250
-0.374542 0.239388 -420
-0.420221 -2.59075 -226
-4.26529 -2.28704 -136
-1.5071 0.384298 -252
-2.89806 -2.07696 -113
-1.58007 0.381085 -240
-0.352001 0.275551 -386
-4.70155 -2.10824 -121
-0.5718 -0.102463 -424
-0.386702 0.218081 -411
0.556417 0.283633 -198
-0.71482 -0.205426 -406
-1.37419 -2.73614 -197
-3.15589 -2.24158 -123
-1.02599 -1.53841 -198
1.50064 2.55418 212
-1.70103 -1.32982 -233
-2.62463 -1.76743 -122
-0.617157 -0.0621727 -1005
10.3914 0.596139 56
10.5375 2.88815 53
-1.56917 -2.43918 -196
5.72921 2.61104 86
-4.17698 -2.23374 -119
0.94692 2.02294 289
-1.08632 -1.66665 -253
-4.38611 -1.52257 -140
-5.32348 -0.423997 -102
10.6708 4.9702 58
-4.23758 -5.14639 -110
-5.12959 -3.3501 -126
7.78592 3.60821 73
1.04886 1.44502 267
-2.63173 0.271026 -250
-0.374542 0.239388 -420
-0.420221 -2.59075 -226
-4.26473 -2.28431 -136
-1.5071 0.384298 -252
-2.89805 -2.0763 -113
-1.58007 0.381085 -240
-0.352001 0.275551 -386
-4.70136 -2.10829 -121
-0.571764 -0.102606 -424
-0.386702 0.218081 -411
0.556417 0.283633 -198
-0.714948 -0.205511 -406
-1.37468 -2.73669 -197
-3.15586 -2.24154 -123
-1.02652 -1.53839 -198
1.50071 2.55409 212
-1.70095 -1.32951 -233
-2.6265 -1.76261 -122
-0.617105 -0.0623063 -1005
10.3918 0.595849 56
10.5396 2.89703 53
-1.56891 -2.45851 -196
5.72225 2.61113 86
-4.17769 -2.23377 -119
0.94692 2.02294 289
-1.08657 -1.6669 -253
-4.386 -1.52204 -140
-5.32309 -0.424475 -102
10.6427 4.79751 58
-4.23758 -5.14639 -110
-5.12837 -3.3519 -126
7.78619 3.60804 73
1.04856 1.44487 267
-2.63133 0.276818 -250
-0.374542 0.239388 -420
-0.420221 -2.59075 -226
-4.26298 -2.27447 -136
-1.5071 0.384298 -252
-2.89805 -2.07689 -113
-1.58007 0.381085 -240
-0.352001 0.275551 -386
-4.70167 -2.10897 -121
-0.57169 -0.102526 -424
-0.386702 0.218081 -411
0.556417 0.283633 -198
-0.714876 -0.205595 -406
-1.37386 -2.73702 -197
-3.15477 -2.24049 -123
-1.02664 -1.53833 -198
1.50081 2.55467 212
-1.70046 -1.3303 -233
-2.62664 -1.76012 -122
-0.617232 -0.0627337 -1005
10.3924 0.595435 56
10.5434 2.92113 53
-1.56931 -2.43457 -196
5.71612 2.61082 86
-4.17746 -2.23343 -119
0.94692 2.02294 289
-1.08642 -1.667 -253
-4.38601 -1.52211 -140
-5.32403 -0.424294 -102
10.6338 4.75024 58
-4.23758 -5.14639 -110
-5.12855 -3.35252 -126
7.78652 3.60905 73
1.04888 1.44479 267
-2.63097 0.286561 -250
-0.374542 0.239388 -420
-0.420221 -2.59075 -226
-4.26629 -2.29226 -136
-1.5071 0.384298 -252
-2.89804 -2.07761 -113
-1.58007 0.381085 -240
-0.352001 0.275551 -386
-4.70165 -2.10832 -121
-0.571841 -0.102502 -424
-0.386702 0.218081 -411
0.556417 0.283633 -198
-0.714978 -0.205628 -406
-1.37455 -2.73714 -197
-3.15584 -2.2412 -123
-1.02618 -1.53835 -198
1.50035 2.5545 212
-1.70116 -1.32931 -233
-2.6268 -1.76013 -122
-0.617175 -0.0624655 -1005
10.3916 0.594793 56
10.5399 2.89737 53
-1.56891 -2.43253 -196
5.7106 2.61074 86
-4.17645 -2.2334 -119
0.94692 2.02294 289
-1.08607 -1.66685 -253
-4.38624 -1.52211 -140
-5.32409 -0.423901 -102
10.6286 4.72005 58
-4.23758 -5.14639 -110
-5.12937 -3.35141 -126
7.78576 3.60826 73
1.04885 1.4448 267
-2.63108 0.282756 -250
-0.374542 0.239388 -420
-0.420221 -2.59075 -226
-4.26618 -2.29458 -136
-1.5071 0.384298 -252
-2.89814 -2.07661 -113
-1.58007 0.381085 -240
-0.352001 0.275551 -386
-4.70117 -2.10811 -121
-0.571726 -0.10246 -424
-0.386702 0.218081 -411
0.556417 0.283633 -198
-0.715029 -0.205476 -406
-1.37408 -2.73606 -197
-3.15514 -2.24161 -123
-1.02664 -1.53837 -198
1.50071 2.55412 212
-1.70106 -1.32992 -233
-2.62625 -1.76128 -122
-0.617116 -0.0621149 -1005
10.3915 0.598412 56
10.5423 2.91592 53
-1.5692 -2.43523 -196
5.69482 2.61122 86
-4.17779 -2.23368 -119
0.94692 2.02294 289
-1.08615 -1.66713 -253
-4.38581 -1.52224 -140
-5.32376 -0.423961 -102
10.6652 4.93189 58
-4.23758 -5.14639 -110
-5.12931 -3.35057 -126
7.78651 3.60735 73
1.0487 1.44419 267
-2.63161 0.269872 -250
-0.374542 0.239388 -420
-0.420221 -2.59075 -226
-4.26509 -2.28542 -136
-1.5071 0.384298 -252
-2.89812 -2.07681 -113
-1.58007 0.381085 -240
-0.352001 0.275551 -386
-4.70158 -2.10816 -121
-0.571878 -0.102478 -424
-0.386702 0.218081 -411
0.556417 0.283633 -198
-0.714873 -0.205568 -406
-1.37438 -2.7369 -197
-3.15539 -2.24078 -123
-1.02651 -1.53819 -198
1.50037 2.55446 212
-1.70102 -1.33001 -233
-2.62515 -1.76533 -122
-0.617227 -0.0630767 -1005
10.3926 0.600607 56
10.5415 2.90688 53
-1.56888 -2.47104 -196
5.682 2.61109 86
-4.17763 -2.23364 -119
0.94692 2.02294 289
-1.08665 -1.66915 -253
-4.38592 -1.52164 -140
-5.32421 -0.424111 -102
10.6228 4.67597 58
-4.23758 -5.14639 -110
-5.12844 -3.35189 -126
7.7865 3.60748 73
1.04837 1.44397 267
-2.63227 0.260511 -250
-0.374542 0.239388 -420
-0.420221 -2.59075 -226
-4.265 -2.28561 -136
-1.5071 0.384298 -252
-2.8981 -2.07607 -113
-1.58007 0.381085 -240
-0.352001 0.275551 -386
-4.70085 -2.10765 -121
-0.571855 -0.102443 -424
-0.386702 0.218081 -411
0.556417 0.283633 -198
-0.714949 -0.205571 -406
-1.37435 -2.73717 -197
-3.15517 -2.24068 -123
-1.02595 -1.53848 -198
1.50062 2.55449 212
-1.70057 -1.3304 -233
-2.62779 -1.75624 -122
-0.617127 -0.0620174 -1005
10.3925 0.599437 56
10.5439 2.92454 53
-1.56907 -2.43709 -196
5.6673 2.6108 86
-4.17719 -2.23385 -119
0.94692 2.02294 289
-1.08648 -1.66899 -253
-4.38605 -1.52208 -140
-5.32414 -0.42465 -102
10.6913 5.12479 58
-4.23758 -5.14639 -110
-5.12879 -3.35161 -126
7.78512 3.60802 73
1.04927 1.44483 267
-2.63211 0.262682 -250
-0.374542 0.239388 -420
-0.420221 -2.59075 -226
-4.26516 -2.2868 -136
-1.5071 0.384298 -252
-2.89811 -2.07697 -113
-1.58007 0.381085 -240
-0.352001 0.275551 -386
-4.70085 -2.10771 -121
-0.57166 -0.102386 -424
-0.386702 0.218081 -411
0.556417 0.283633 -198
-0.714802 -0.205601 -406
-1.37398 -2.73694 -197
-3.15555 -2.24162 -123
-1.02615 -1.53832 -198
1.50044 2.5546 212
-1.70137 -1.32988 -233
-2.62678 -1.75838 -122
-0.617123 -0.0624463 -1005
10.391 0.596208 56
10.5399 2.90379 53
-1.56883 -2.43129 -196
5.65181 2.61076 86
-4.17756 -2.2332 -119
0.94692 2.02294 289
-1.08653 -1.66891 -253
-4.38576 -1.52163 -140
-5.32336 -0.424338 -102
10.6913 5.12719 58
-4.23758 -5.14639 -110
-5.12878 -3.35185 -126
7.78539 3.60797 73
1.04907 1.44481 267
-2.6318 0.269087 -250
-0.374542 0.239388 -420
-0.420221 -2.59075 -226
-4.26554 -2.28767 -136
-1.5071 0.384298 -252
-2.89801 -2.07786 -113
-1.58007 0.381085 -240
-0.352001 0.275551 -386
-4.70121 -2.10777 -121
-0.57172 -0.102597 -424
-0.386702 0.218081 -411
0.556417 0.283633 -198
-0.714868 -0.205571 -406
-1.37425 -2.73663 -197
-3.1552 -2.24154 -123
-1.0259 -1.53835 -198
1.50054 2.55452 212
-1.70106 -1.33006 -233
-2.62595 -1.76248 -122
-0.617151 -0.0624988 -1005
10.391 0.593912 56
10.5421 2.91361 53
-1.56882 -2.43463 -196
5.6388 2.61147 86
-4.178 -2.23365 -119
0.94692 2.02294 289
-1.08628 -1.66904 -253
-4.38578 -1.52157 -140
-5.32425 -0.423717 -102
10.6937 5.1445 58
-4.23758 -5.14639 -110
-5.12894 -3.34972 -126
7.78491 3.60823 73
1.04859 1.4447 267
-2.63052 0.299323 -250
-0.374542 0.239388 -420
-0.420221 -2.59075 -226
-4.26546 -2.28903 -136
-1.5071 0.384298 -252
-2.89812 -2.07748 -113
-1.58007 0.381085 -240
-0.352001 0.275551 -386
-4.70096 -2.10784 -121
-0.571828 -0.102485 -424
-0.386702 0.218081 -411
0.556417 0.283633 -198
-0.714708 -0.205499 -406
-1.37402 -2.73777 -197
-3.15615 -2.24194 -123
-1.02588 -1.53844 -198
1.50036 2.55462 212
-1.70111 -1.32997 -233
-2.62562 -1.76317 -122
-0.617255 -0.0626818 -1005
10.3915 0.596744 56
10.5409 2.90859 53
-1.56882 -2.46805 -196
5.70131 2.83207 86
-4.17765 -2.23386 -119
0.94692 2.02294 289
-1.08647 -1.66893 -253
-4.38583 -1.52247 -140
-5.32396 -0.424718 -102
10.7045 5.20919 58
-4.23758 -5.14639 -110
-5.1285 -3.35063 -126
7.78544 3.60819 73
1.04887 1.44465 267
-2.63083 0.285384 -250
-0.374542 0.239388 -420
-0.420221 -2.59075 -226
-4.2638 -2.27781 -136
-1.5071 0.384298 -252
-2.89769 -2.07645 -113
-1.58007 0.381085 -240
-0.352001 0.275551 -386
-4.70102 -2.10856 -121
-0.571836 -0.102558 -424
-0.386702 0.218081 -411
0.556417 0.283633 -198
-0.714916 -0.205632 -406
-1.37434 -2.73709 -197
-3.15525 -2.24246 -123
-1.02648 -1.5383 -198
1.5007 2.55395 212
-1.70132 -1.32986 -233
-2.62662 -1.75932 -122
-0.617063 -0.0620794 -1005
10.3906 0.594982 56
10.5422 2.91258 53
-1.56893 -2.44292 -196
6.09249 2.77024 86
-4.1777 -2.23427 -119
0.94692 2.02294 289
-1.08638 -1.66908 -253
-4.38621 -1.52328 -140
-5.32416 -0.424303 -102
10.6803 5.0476 58
-4.23758 -5.14639 -110
-5.12888 -3.35127 -126
7.78393 3.60956 73
1.0488 1.44411 267
-2.63139 0.278316 -250
-0.374542 0.239388 -420
-0.420221 -2.59075 -226
-4.26409 -2.2821 -136
-1.5071 0.384298 -252
-2.89791 -2.0756 -113
-1.58007 0.381085 -240
-0.352001 0.275551 -386
-4.70157 -2.10787 -121
-0.57181 -0.102574 -424
-0.386702 0.218081 -411
0.556417 0.283633 -198
-0.714769 -0.205532 -406
-1.37391 -2.73752 -197
-3.15578 -2.24216 -123
-1.02654 -1.53844 -198
1.50048 2.55468 212
-1.70104 -1.32958 -233
-2.62571 -1.76282 -122
-0.617213 -0.0625787 -1005
10.3917 0.594329 56
10.5399 2.89715 53
-1.56904 -2.42795 -196
6.07807 2.77034 86
-4.17779 -2.23408 -119
0.94692 2.02294 289
-1.08658 -1.66899 -253
-4.38595 -1.52226 -140
-5.32423 -0.424865 -102
10.706 5.20917 58
-4.23758 -5.14639 -110
-5.1286 -3.35127 -126
7.78594 3.60805 73
1.04847 1.44469 267
-2.63101 0.286074 -250
-0.374542 0.239388 -420
-0.420221 -2.59075 -226
-4.26586 -2.29038 -136
-1.5071 0.384298 -252
-2.89784 -2.0764 -113
-1.58007 0.381085 -240
-0.352001 0.275551 -386
-4.70151 -2.10671 -121
-0.571758 -0.102549 -424
-0.386702 0.218081 -411
0.556417 0.283633 -198
-0.714917 -0.205613 -406
-1.37429 -2.73695 -197
-3.1559 -2.24071 -123
-1.02579 -1.53838 -198
1.50065 2.55462 212
-1.70109 -1.33034 -233
-2.62632 -1.76134 -122
-0.617176 -0.0626503 -1005
10.3906 0.591414 56
10.5453 2.93452 53
-1.56955 -2.40012 -196
6.0624 2.77017 86
-4.17757 -2.23423 -119
0.94692 2.02294 289
-1.08642 -1.66898 -253
-4.38601 -1.52243 -140
-5.3241 -0.424523 -102
10.7044 5.19992 58
-4.23758 -5.14639 -110
-5.12878 -3.35032 -126
7.78496 3.60625 73
1.04853 1.44442 267
-2.6314 0.282851 -250
-0.374542 0.239388 -420
-0.420221 -2.59075 -226
-4.2617 -2.26769 -136
-1.5071 0.384298 -252
-2.89777 -2.07684 -113
-1.58007 0.381085 -240
-0.352001 0.275551 -386
-4.70172 -2.10837 -121
-0.571867 -0.102555 -424
-0.386702 0.218081 -411
0.556417 0.283633 -198
-0.714818 -0.20551 -406
-1.37426 -2.73695 -197
-3.15522 -2.24096 -123
-1.02577 -1.53826 -198
1.5002 2.55497 212
-1.70073 -1.32956 -233
-2.62643 -1.76043 -122
-0.617136 -0.0625242 -1005
10.3916 0.59462 56
10.5436 2.92622 53
-1.56896 -2.42801 -196
6.0521 2.77076 86
-4.17709 -2.23411 -119
0.94692 2.02294 289
-1.08664 -1.66898 -253
-4.38595 -1.52243 -140
-5.32345 -0.423781 -102
10.7436 5.46583 58
-4.23758 -5.14639 -110
-5.12899 -3.35061 -126
7.78673 3.60832 73
1.04866 1.44471 267
-2.62994 0.307939 -250
-0.374542 0.239388 -420
-0.420221 -2.59075 -226
-4.26475 -2.28488 -136
-1.5071 0.384298 -252
-2.89806 -2.07707 -113
-1.58007 0.381085 -240
-0.352001 0.275551 -386
-4.70141 -2.1085 -121
-0.571777 -0.102544 -424
-0.386702 0.218081 -411
0.556417 0.283633 -198
-0.714889 -0.2056 -406
-1.37383 -2.73669 -197
-3.15537 -2.24174 -123
-1.02605 -1.53838 -198
1.50079 2.55393 212
-1.70105 -1.32959 -233
-2.62594 -1.76214 -122
-0.617094 -0.0627106 -1005
10.3912 0.595326 56
10.5418 2.91264 53
-1.56892 -2.42953 -196
6.25945 3.26722 86
-4.17733 -2.234 -119
0.94692 2.02294 289
-1.08635 -1.66899 -253
-4.38587 -1.52227 -140
-5.32447 -0.423981 -102
10.7482 5.49782 58
-4.23758 -5.14639 -110
-5.12893 -3.3494 -126
7.78482 3.60847 73
1.04862 1.44432 267
-2.63116 0.281138 -250
-0.374542 0.239388 -420
-0.420221 -2.59075 -226
-4.26478 -2.28384 -136
-1.5071 0.384298 -252
-2.89813 -2.07694 -113
-1.58007 0.381085 -240
-0.352001 0.275551 -386
-4.70162 -2.10777 -121
-0.571839 -0.102542 -424
-0.386702 0.218081 -411
0.556417 0.283633 -198
-0.714926 -0.205396 -406
-1.37408 -2.73728 -197
-3.15471 -2.24137 -123
-1.02608 -1.53824 -198
1.50019 2.55477 212
-1.70133 -1.33008 -233
-2.62645 -1.76249 -122
-0.617037 -0.0616854 -1005
10.3924 0.596127 56
10.5458 2.93502 53
-1.56879 -2.43308 -196
6.39442 3.33999 86
-4.17708 -2.23389 -119
0.94692 2.02294 289
-1.08671 -1.66904 -253
-4.38625 -1.52269 -140
-5.32409 -0.423762 -102
10.6918 5.12218 58
-4.23758 -5.14639 -110
-5.1285 -3.35162 -126
7.78582 3.60697 73
1.04875 1.44449 267
-2.63048 0.294137 -250
-0.374542 0.239388 -420
-0.420221 -2.59075 -226
-4.26488 -2.28692 -136
-1.5071 0.384298 -252
-2.89808 -2.0771 -113
-1.58007 0.381085 -240
-0.352001 0.275551 -386
-4.70126 -2.10887 -121
-0.571685 -0.102517 -424
-0.386702 0.218081 -411
0.556417 0.283633 -198
-0.714924 -0.205408 -406
-1.37428 -2.73678 -197
-3.15549 -2.24176 -123
-1.02644 -1.53838 -198
1.50079 2.5548 212
-1.70096 -1.33021 -233
-2.62673 -1.75989 -122
-0.617112 -0.0625667 -1005
10.3916 0.598141 56
10.5411 2.91395 53
-1.5689 -2.44464 -196
6.31466 3.34071 86
-4.1783 -2.23422 -119
0.94692 2.02294 289
-1.0866 -1.66899 -253
-4.38577 -1.52227 -140
-5.32407 -0.425203 -102
10.7344 5.39381 58
-4.23758 -5.14639 -110
-5.12864 -3.35171 -126
7.78559 3.60919 73
1.04863 1.44374 267
-2.63096 0.284507 -250
-0.374542 0.239388 -420
-0.420221 -2.59075 -226
-4.26422 -2.28291 -136
-1.5071 0.384298 -252
-2.89809 -2.07635 -113
-1.58007 0.381085 -240
-0.352001 0.275551 -386
-4.70186 -2.10809 -121
-0.57189 -0.102569 -424
-0.386702 0.218081 -411
0.556417 0.283633 -198
-0.714755 -0.205407 -406
-1.37417 -2.73663 -197
-3.15561 -2.24093 -123
-1.02608 -1.53831 -198
1.50061 2.55463 212
-1.70125 -1.32999 -233
-2.62708 -1.75957 -122
-0.6171 -0.062417 -1005
10.3915 0.596581 56
10.5459 2.93985 53
-1.56911 -2.43055 -196
6.25043 3.33619 86
-4.17617 -2.23372 -119
0.94692 2.02294 289
-1.08653 -1.66879 -253
-4.38619 -1.52275 -140
-5.3236 -0.42442 -102
10.6923 5.13072 58
-4.23758 -5.14639 -110
-5.12889 -3.35203 -126
7.78604 3.60751 73
1.04868 1.4439 267
-2.63001 0.305506 -250
-0.374542 0.239388 -420
-0.420221 -2.59075 -226
-4.26485 -2.28592 -136
-1.5071 0.384298 -252
-2.89807 -2.07679 -113
-1.58007 0.381085 -240
-0.352001 0.275551 -386
-4.70113 -2.10676 -121
-0.571855 -0.10251 -424
-0.386702 0.218081 -411
0.556417 0.283633 -198
-0.71489 -0.205434 -406
-1.37448 -2.73674 -197
-3.15456 -2.2414 -123
-1.02662 -1.5384 -198
1.50056 2.55473 212
-1.70098 -1.33095 -233
-2.62585 -1.76209 -122
-0.617133 -0.0621508 -1005
10.3917 0.595206 56
10.5417 2.90799 53
-1.569 -2.43521 -196
5.52822 2.61052 86
-4.17808 -2.23409 -119
0.94692 2.02294 289
-1.08676 -1.66854 -253
-4.38572 -1.52238 -140
-5.32337 -0.425566 -102
10.7415 5.43684 58
-4.23758 -5.14639 -110
-5.12939 -3.3523 -126
7.78445 3.60595 73
1.0487 1.4443 267
-2.63258 0.250282 -250
-0.374542 0.239388 -420
-0.420221 -2.59075 -226
-4.26517 -2.28825 -136
-1.5071 0.384298 -252
-2.89814 -2.07598 -113
-1.58007 0.381085 -240
-0.352001 0.275551 -386
-4.70161 -2.10725 -121
-0.571823 -0.102513 -424
-0.386702 0.218081 -411
0.556417 0.283633 -198
-0.714968 -0.205428 -406
-1.37483 -2.73659 -197
-3.15534 -2.24083 -123
-1.02625 -1.53836 -198
1.5011 2.55413 212
-1.70139 -1.33027 -233
-2.62797 -1.75678 -122
-0.617192 -0.0626429 -1005
10.392 0.594215 56
10.5452 2.93723 53
-1.569 -2.42787 -196
5.51753 2.61111 86
-4.17769 -2.23367 -119
0.94692 2.02294 289
-1.08652 -1.66891 -253
-4.38618 -1.52196 -140
-5.32331 -0.424117 -102
10.737 5.40561 58
-4.23758 -5.14639 -110
-5.12953 -3.34917 -126
7.78548 3.6062 73
1.04864 1.44445 267
-2.63116 0.278834 -250
-0.374542 0.239388 -420
-0.420221 -2.59075 -226
-4.2649 -2.2839 -136
-1.5071 0.384298 -252
-2.89805 -2.07572 -113
-1.58007 0.381085 -240
-0.352001 0.275551 -386
-4.70158 -2.10892 -121
-0.571697 -0.102499 -424
-0.386702 0.218081 -411
0.556417 0.283633 -198
-0.714945 -0.205486 -406
-1.37432 -2.73666 -197
-3.15561 -2.24129 -123
-1.02654 -1.53843 -198
1.50089 2.55449 212
-1.7009 -1.33071 -233
-2.6266 -1.76199 -122
-0.617155 -0.0624614 -1005
10.3919 0.596065 56
10.5409 2.9035 53
-1.56897 -2.43258 -196
5.50741 2.60971 86
-4.17815 -2.23366 -119
0.94692 2.02294 289
-1.08676 -1.66899 -253
-4.38629 -1.52223 -140
-5.32482 -0.424305 -102
10.7195 5.28335 58
-4.23758 -5.14639 -110
-5.12977 -3.35174 -126
7.78654 3.60944 73
1.0485 1.44394 267
-2.63069 0.285888 -250
-0.374542 0.239388 -420
-0.420221 -2.59075 -226
-4.26371 -2.27921 -136
-1.5071 0.384298 -252
-2.89819 -2.07607 -113
-1.58007 0.381085 -240
-0.352001 0.275551 -386
-4.70225 -2.10862 -121
-0.571936 -0.102544 -424
-0.386702 0.218081 -411
0.556417 0.283633 -198
-0.715025 -0.205529 -406
-1.37476 -2.73729 -197
-3.15448 -2.24083 -123
-1.0264 -1.5383 -198
1.50072 2.55471 212
-1.70102 -1.32988 -233
-2.6275 -1.75825 -122
-0.617195 -0.0626999 -1005
10.3919 0.592757 56
10.5408 2.90398 53
-1.57 -2.37948 -196
5.50647 2.61016 86
-4.17818 -2.23373 -119
0.94692 2.02294 289
-1.0866 -1.66888 -253
-4.38623 -1.52208 -140
-5.32376 -0.424387 -102
10.7449 5.46229 58
-4.23758 -5.14639 -110
-5.12993 -3.35027 -126
7.7866 3.60865 73
1.04854 1.44419 267
-2.63019 0.292275 -250
-0.374542 0.239388 -420
-0.420221 -2.59075 -226
-4.26445 -2.28386 -136
-1.5071 0.384298 -252
-2.89832 -2.07608 -113
-1.58007 0.381085 -240
